 vel(           1)=   1.87045987585938     ;
 time(           1)=  5.000000000000000E-002;
