nn_inter  =  18413
surfacetension = 3.0d-1
den_inter = 1.0 
vis_inter = 0.01
maxmatrix  = 80000
scale_inter = 0.999087  0.999065  0.999043
shift_inter = 0.010009d-2 0.1009d-3  0.020009d-2
rkpm_scale = 2.0
max_dcurv = 10.0
nbc = 25806
