 nn=         400
 ne=         361
 rng=           4
 lengthx=   1.00000000000000     
 lengthy=   1.00000000000000     
 numelex=          19
 numeley=          19
 dx=  5.000000074505806E-002
 dy=  5.000000074505806E-002
 rng=1: bottom -> y=  0.000000000000000E+000
 rng=2: right  -> x=   1.00000000000000     
 rng=3: top  -> y=   1.00000000000000     
 rng=4: left   -> y=  0.000000000000000E+000
