 nn=         100
 ne=          81
 rng=           4
 lengthx=   1.00000000000000     
 lengthy=   1.00000000000000     
 numelex=           9
 numeley=           9
 dx=  0.100000001490116     
 dy=  0.100000001490116     
 rng=1: bottom -> y=  0.000000000000000E+000
 rng=2: right  -> x=   1.00000000000000     
 rng=3: top  -> y=   1.00000000000000     
 rng=4: left   -> y=  0.000000000000000E+000
